,new AEM entropy
0,20.00106873
1,25.66052818
2,9.269511627
3,0.0
4,20.83597955
5,16.7375854
6,0.0
7,13.02190321
8,1.469545818
9,8.910991642
10,9.937180146
11,19.88568476
12,26.35500841
13,0.0
14,14.37223543
15,13.70479214
16,0.187714765
17,29.21128983
18,20.98722919
19,20.30163742
20,9.721568095
21,0.0
22,9.797377166
23,13.48971276
24,0.0
25,9.727638165
26,27.67961368
27,25.93794744
28,0.0
29,22.51216545
30,8.855331166
31,21.49640208
32,16.08380994
33,9.440123963
34,28.12682225
35,0.0
36,11.83182335
37,9.362103154
38,20.94598122
39,16.35515653
40,15.28419374
41,8.661463924
42,19.00855412
43,22.98666798
44,25.15183198
45,0.0
46,0.219405403
47,6.76870086
48,3.679418371
49,13.65881227
50,9.823861457
51,10.94217583
52,10.30845268
53,24.5661969
54,14.46465436
55,0.0
56,11.99631281
57,0.0
58,18.32224638
59,9.318856949
60,23.64322725
61,0.0
62,0.029335801
63,10.56987051
64,18.97938776
65,9.256203288
66,0.029335801
67,25.29324398
68,10.11745098
69,14.47241611
70,20.3674666
71,20.66131379
72,9.032070383
73,9.43340918
74,1.073488006
75,7.614392229
76,9.76957022
77,10.71062487
78,12.70094295
79,0.029335801
80,7.579381899
81,0.0
82,12.97751565
83,7.438308015
84,21.62498919
85,0.0
86,0.0
87,9.365139081
88,23.62403549
89,9.311720688
90,13.19702771
91,19.18068888
92,11.12495775
93,17.4046623
94,5.993658213
95,0.029335801
96,21.42469303
97,20.16404323
98,14.08380911
99,13.91061605
100,0.0
101,21.3069306
102,20.09294948
103,27.43734208
104,9.265834066
105,6.990368553
106,9.329868828
107,0.029335801
108,23.24123063
109,10.72682604
110,13.57577488
111,20.85522515
112,18.35051527
113,0.0
114,3.052846902
115,6.840642343
116,19.45524109
117,1.476879436
118,23.20029193
119,25.39448
120,23.85250592
121,27.06483342
122,12.17048867
123,19.0859435
124,9.831786123
125,10.22010154
126,13.38460521
